AA 55 01 10 00 00 F0 42 00 00 00 00 00 00 00 00 00 00 A0 40 22
AA 55 01 10 00 00 F0 42 00 00 00 00 00 00 00 00 00 00 A0 40 22
AA 55 01 10 00 00 F0 42 00 00 A0 41 00 00 A0 41 00 00 A0 40 E4
AA 55 01 10 00 00 F0 42 00 00 A0 41 00 00 A0 41 00 00 A0 40 E4
AA 55 01 10 00 00 F0 42 00 00 A0 41 00 00 A0 41 00 00 A0 40 E4
AA 55 01 10 00 00 F0 42 00 00 A0 41 00 00 A0 41 00 00 A0 40 E4
AA 55 01 10 00 00 F0 42 00 00 70 42 00 00 F0 41 00 00 00 40 65
AA 55 01 10 00 00 F0 42 00 00 70 42 00 00 F0 41 00 00 00 40 65
AA 55 01 10 00 00 F0 42 00 00 70 42 00 00 F0 41 00 00 00 40 65
AA 55 01 10 00 00 F0 42 00 00 70 42 00 00 F0 41 00 00 00 40 65
AA 55 01 10 00 00 F0 42 00 00 70 42 00 00 F0 41 00 00 00 40 65
AA 55 01 10 00 00 F0 42 00 00 70 42 00 00 F0 41 00 00 00 40 65
AA 55 01 10 00 00 F0 42 00 00 C8 42 00 00 A0 41 00 00 00 C0 ED
AA 55 01 10 00 00 F0 42 00 00 C8 42 00 00 A0 41 00 00 00 C0 ED
AA 55 01 10 00 00 F0 42 00 00 C8 42 00 00 A0 41 00 00 00 C0 ED
AA 55 01 10 00 00 F0 42 00 00 C8 42 00 00 A0 41 00 00 00 C0 ED
AA 55 01 10 00 00 F0 42 00 00 FA 42 00 00 20 C1 00 00 A0 C0 BF
AA 55 01 10 00 00 F0 42 00 00 FA 42 00 00 20 C1 00 00 A0 C0 BF
AA 55 01 10 00 00 F0 42 00 00 FA 42 00 00 20 C1 00 00 A0 C0 BF
AA 55 01 10 00 00 F0 42 00 00 E6 42 00 00 A0 40 00 00 00 40 8A
AA 55 01 10 00 00 F0 42 00 00 E6 42 00 00 A0 40 00 00 00 40 8A
AA 55 01 10 00 00 F0 42 00 00 E6 42 00 00 A0 40 00 00 00 40 8A
AA 55 01 10 00 00 F0 42 00 00 F2 42 00 00 00 C0 00 00 80 BF 75
AA 55 01 10 00 00 F0 42 00 00 F2 42 00 00 00 C0 00 00 80 BF 75
AA 55 01 10 00 00 F0 42 00 00 EE 42 00 00 80 3F 00 00 00 3F 70
AA 55 01 10 00 00 F0 42 00 00 EE 42 00 00 80 3F 00 00 00 3F 70
AA 55 01 10 00 00 F0 42 00 00 F0 42 00 00 00 00 00 00 00 00 74
AA 55 01 10 00 00 F0 42 00 00 F0 42 00 00 00 00 00 00 00 00 74
AA 55 01 10 00 00 F0 42 00 00 F0 42 00 00 00 00 00 00 00 00 74
AA 55 01 10 00 00 F0 42 00 00 F0 42 00 00 00 00 00 00 00 00 74
AA 55 01 10 00 00 F0 42 00 00 F0 42 00 00 00 00 00 00 00 00 74
AA 55 01 10 00 00 F0 42 00 00 F0 42 00 00 00 00 00 00 00 00 74
AA 55 01 10 00 00 F0 42 00 00 F0 42 00 00 00 00 00 00 00 00 74
AA 55 01 10 00 00 F0 42 00 00 F0 42 00 00 00 00 00 00 00 00 74
AA 55 01 10 00 00 F0 42 00 00 F0 42 00 00 00 00 00 00 00 00 74
AA 55 01 10 00 00 F0 42 00 00 F0 42 00 00 00 00 00 00 00 00 74
AA 55 01 10 00 00 F0 42 00 00 F0 42 00 00 00 00 00 00 00 00 74
AA 55 01 10 00 00 F0 42 00 00 F0 42 00 00 00 00 00 00 00 00 74
AA 55 01 10 00 00 F0 42 00 00 F0 42 00 00 00 00 00 00 00 00 74
AA 55 01 10 00 00 F0 42 00 00 F0 42 00 00 00 00 00 00 00 00 74
AA 55 01 10 00 00 F0 42 00 00 F0 42 00 00 00 00 00 00 00 00 74
AA 55 01 10 00 00 F0 42 00 00 F0 42 00 00 00 00 00 00 00 00 74
AA 55 01 10 00 00 F0 42 00 00 F0 42 00 00 00 00 00 00 00 00 74
AA 55 01 10 00 00 F0 42 00 00 F0 42 00 00 00 00 00 00 00 00 74
AA 55 01 10 00 00 F0 42 00 00 F0 42 00 00 00 00 00 00 00 00 74
AA 55 01 10 00 00 F0 42 00 00 F0 42 00 00 00 00 00 00 00 00 74
AA 55 01 10 00 00 F0 42 00 00 F0 42 00 00 00 00 00 00 00 00 74
AA 55 01 10 00 00 F0 42 00 00 F0 42 00 00 00 00 00 00 00 00 74
AA 55 01 10 00 00 F0 42 00 00 F0 42 00 00 00 00 00 00 00 00 74
AA 55 01 10 00 00 F0 42 00 00 F0 42 00 00 00 00 00 00 00 00 74